user_id,display_name,link,reputation
6230084,Mohamed Yaseen,http://stackoverflow.com/users/6230084/mohamed-yaseen ,4
