user_id,display_name,link,reputation
978515,davids,http://stackoverflow.com/users/978515/davids ,4094
