user_id,display_name,link,reputation
4956813,johnny_boy,http://stackoverflow.com/users/4956813/johnny-boy ,1089
2539867,Jubatian,http://stackoverflow.com/users/2539867/jubatian ,1073
375666,Ahmed Saleh,http://stackoverflow.com/users/375666/ahmed-saleh ,853
4233968,achoora,http://stackoverflow.com/users/4233968/achoora ,435
2599670,Fl0v0,http://stackoverflow.com/users/2599670/fl0v0 ,114
2808264,user2808264,http://stackoverflow.com/users/2808264/user2808264 ,90
2145040,Pierre Andersson,http://stackoverflow.com/users/2145040/pierre-andersson ,84
6644375,Mouin,http://stackoverflow.com/users/6644375/mouin ,74
6073960,Tyler Hilbert,http://stackoverflow.com/users/6073960/tyler-hilbert ,58
5133587,EchoLynx,http://stackoverflow.com/users/5133587/echolynx ,40
6852697,Ravi Kumar,http://stackoverflow.com/users/6852697/ravi-kumar ,24
6044452,Akshay Vijapur,http://stackoverflow.com/users/6044452/akshay-vijapur ,22
2957271,user2957271,http://stackoverflow.com/users/2957271/user2957271 ,17
4966539,moonlight,http://stackoverflow.com/users/4966539/moonlight ,16
6915288,Mahi,http://stackoverflow.com/users/6915288/mahi ,14
3936035,Roman  Liuts,http://stackoverflow.com/users/3936035/roman-liuts ,14
6173472,ulissesBR,http://stackoverflow.com/users/6173472/ulissesbr ,13
7004331,Jeff G,http://stackoverflow.com/users/7004331/jeff-g ,11
5772884,Bertrand Thelen,http://stackoverflow.com/users/5772884/bertrand-thelen ,10
6876625,xleMnlx,http://stackoverflow.com/users/6876625/xlemnlx ,9
6663923,MHD,http://stackoverflow.com/users/6663923/mhd ,9
6918115,Mr.Bogus,http://stackoverflow.com/users/6918115/mr-bogus ,8
6899133,Midhun,http://stackoverflow.com/users/6899133/midhun ,8
5347648,Damodaran,http://stackoverflow.com/users/5347648/damodaran ,7
3592255,user3592255,http://stackoverflow.com/users/3592255/user3592255 ,7
6909411,Branko Miletic,http://stackoverflow.com/users/6909411/branko-miletic ,6
6683252,nodee3345,http://stackoverflow.com/users/6683252/nodee3345 ,4
6897341,Vinay Shenoy,http://stackoverflow.com/users/6897341/vinay-shenoy ,2
4873985,dawenzi098,http://stackoverflow.com/users/4873985/dawenzi098 ,1
5388354,Rajat Kalyan,http://stackoverflow.com/users/5388354/rajat-kalyan ,1
6944331,Michiel,http://stackoverflow.com/users/6944331/michiel ,1
6905066,jacob limbi,http://stackoverflow.com/users/6905066/jacob-limbi ,1
6930812,popzxc,http://stackoverflow.com/users/6930812/popzxc ,1
5832958,isoldo,http://stackoverflow.com/users/5832958/isoldo ,1
