user_id,display_name,link,reputation
6842698,sumit808,http://stackoverflow.com/users/6842698/sumit808 ,1
