user_id,display_name,link,reputation
631525,Geo,http://stackoverflow.com/users/631525/geo ,1266
2596734,Roemer Bakker,http://stackoverflow.com/users/2596734/roemer-bakker ,325
