user_id,display_name,link,reputation
5798873,miczac,http://stackoverflow.com/users/5798873/miczac ,1
5157078,Daniel Davis,http://stackoverflow.com/users/5157078/daniel-davis ,1
