user_id,display_name,link,reputation
1028270,red888,http://stackoverflow.com/users/1028270/red888 ,1616
6695405,vijayaragavalu,http://stackoverflow.com/users/6695405/vijayaragavalu ,21
2154509,Staszek,http://stackoverflow.com/users/2154509/staszek ,8
2520400,sc123,http://stackoverflow.com/users/2520400/sc123 ,3
