user_id,display_name,link,reputation
1020897,linkdd,http://stackoverflow.com/users/1020897/linkdd ,569
1000622,user1000622,http://stackoverflow.com/users/1000622/user1000622 ,110
