user_id,display_name,link,reputation
5264829,Lumo,http://stackoverflow.com/users/5264829/lumo ,146
